computer.asm=1652716691.6501012
human.asm=1652715881.5191402
init.asm=1652715892.7078779
referee.asm=1652716133.3694413
user.asm=1652715881.5191402
