computer.asm=1652526562.9652276
human.asm=1652526569.784395
init.asm=1652526573.528391
referee.asm=1652526558.8684957
